101861019530101078000050 000050 000050 000050 000050 000050 000056 000050 000050 000050 000056 000056 000056 000056 000056 000056 000056 000056 000056 000056 000056 000056 000056 000056 
101861019530102078000050 000050 000044 000044 000044 000044 000044 000056 000056 000061 000056 000056 000056 000061 000061 000061 000061 000072 000083 000089 000083 000083 000083 000083 
101861019530103078000089 000100 000094 000094 000094 000089 000089 000089 000083 000083 000089 000106 000106 000094 000106 000089 000078 000078 000072 000072 000072 000072 000067 000067 
101861019530104078000067 000061 000056 000056 000050 000050 000039 000050 000050 000056 000056 000067 000072 000072 000072 000072 000072 000067 000061 000061 000061 000056 000056 000056 
101861019530105078000056 000061 000056 000056 000050 000050 000050 000050 000050 000061 000072 000078 000083 000083 000089 000078 000067 000061 000056 000050 000044 000044 000039 000039 
101861019530106078000033 000028 000028 000028 000022 000017 000011 000006 000006 000017 000017 000022 000022 000022 000017 000017 000011 000006 000006 000000 000000 000000 -00006 -00006 
101861019530107078-00006 -00006 000006 000017 000011 000011 000033 000028 000056 000061 000067 000067 000067 000067 000067 000067 000072 000072 000072 000072 000072 000067 000061 000039 
101861019530108078000028 000022 000017 000017 000022 000028 000011 000006 000011 000006 000011 000022 000050 000061 000050 000056 000061 000078 000083 000094 000100 000094 000100 000100 
101861019530109078000094 000100 000094 000100 000094 000100 000094 000100 000078 000044 000039 000044 000044 000050 000050 000050 000044 000039 000039 000039 000044 000039 000039 000039 
101861019530110078000039 000044 000044 000044 000044 000044 000044 000044 000050 000061 000056 000056 000061 000061 000067 000061 000056 000056 000056 000056 000050 000044 000044 000044 
101861019530111078000044 000044 000044 000044 000044 000044 000044 000044 000050 000056 000061 000078 000083 000078 000083 000083 000078 000089 000089 000089 000089 000089 000089 000089 
101861019530112078000100 000094 000106 000094 000094 000106 000100 000100 000100 000100 000106 000111 000094 000094 000094 000089 000089 000083 000072 000072 000067 000083 000072 000072 
101861019530113078000078 000089 000094 000089 000089 000083 000083 000078 000078 000078 000083 000083 000094 000094 000094 000089 000083 000078 000072 000072 000067 000061 000061 000067 
101861019530114078000061 000061 000061 000056 000056 000033 000028 000022 000017 000011 000011 000011 000017 000017 000017 000017 000017 000017 000017 000017 000017 000022 000022 000028 
101861019530115078000033 000039 000050 000044 000044 000044 000044 000056 000056 000061 000072 000072 000072 000078 000078 000078 000078 000083 000094 000083 000083 000083 000083 000078 
101861019530116078000072 000072 000067 000067 000072 000067 000067 000067 000072 000067 000067 000067 000072 000078 000072 000072 000067 000061 000061 000061 000061 000061 000061 000056 
101861019530117078000056 000056 000044 000050 000050 000056 000056 000056 000050 000050 000050 000050 000050 000056 000056 000056 000050 000050 000050 000050 000050 000050 000050 000050 
101861019530118078000050 000056 000061 000061 000067 000067 000067 000067 000067 000067 000067 000072 000078 000072 000078 000083 000083 000078 000078 000072 000078 000078 000072 000072 
101861019530119078000072 000072 000067 000072 000072 000061 000067 000067 000067 000078 000078 000078 000078 000078 000078 000078 000072 000072 000072 000067 000072 000072 000061 000067 
101861019530120078000061 000067 000067 000061 000056 000056 000056 000061 000061 000067 000067 000078 000089 000089 000089 000083 000083 000078 000078 000072 000072 000072 000072 000067 
118309019570701078-99999M-99999M-99999M-99999M-99999M-99999M-99999M-99999M-99999M-99999M000094 -99999M-99999M-99999M-99999M-99999M000167 -99999M-99999M-99999M-99999M-99999M000100 -99999M
118309019570702078-99999M-99999M-99999M-99999M-99999M-99999M-99999M-99999M-99999M-99999M000150 -99999M-99999M-99999M-99999M-99999M000217 -99999M-99999M-99999M-99999M-99999M000183 -99999M
118309019570703078-99999M-99999M-99999M-99999M-99999M-99999M-99999M-99999M-99999M-99999M000178 -99999M-99999M-99999M-99999M-99999M000211 -99999M-99999M-99999M-99999M-99999M000150 -99999M
118309019570704078-99999M-99999M-99999M-99999M-99999M-99999M-99999M-99999M-99999M-99999M000150 -99999M-99999M-99999M-99999M-99999M000156 -99999M-99999M-99999M-99999M-99999M000089 -99999M
118309019570705078-99999M-99999M-99999M-99999M-99999M-99999M-99999M-99999M-99999M-99999M000167 -99999M-99999M-99999M-99999M-99999M000172 -99999M-99999M-99999M-99999M-99999M000133 -99999M
118309019570706078-99999M-99999M-99999M-99999M-99999M-99999M-99999M-99999M-99999M-99999M000156 -99999M-99999M-99999M-99999M-99999M000167 -99999M-99999M-99999M-99999M-99999M000106 -99999M
118309019570707078-99999M-99999M-99999M-99999M-99999M-99999M-99999M-99999M-99999M-99999M000128 -99999M-99999M-99999M-99999M-99999M000150 -99999M-99999M-99999M-99999M-99999M000078 -99999M
101G10019881203078-99999M000060 -99999M-99999M000060 -99999M-99999M000070 -99999M-99999M000070 -99999M-99999M-99999M-99999M-99999M000080 -99999M-99999M000070 -99999M-99999M000080 -99999M
101G10019881204078-99999M000080 -99999M-99999M000070 -99999M-99999M000070 -99999M-99999M-99999M-99999M-99999M000090 -99999M-99999M000090 -99999M-99999M000080 -99999M-99999M000080 -99999M
101G10019881205078-99999M000080 -99999M-99999M000070 -99999M-99999M000070 -99999M-99999M000080 -99999M-99999M000080 -99999M-99999M000090 -99999M-99999M000080 -99999M-99999M000080 -99999M
101G10019881206078-99999M000090 -99999M-99999M000100 -99999M-99999M000100 -99999M-99999M-99999M-99999M-99999M000080 -99999M-99999M000080 -99999M-99999M000080 -99999M-99999M000070 -99999M